174 186 45 144 1257
168 95 50 155 1133
139 40 170 131 1270
200 197 36 61 947
93 140 112 82 1045
40 84 92 180 1203
44 182 194 15 1048
87 152 196 185 1725
149 33 133 36 769
162 156 198 55 1298
101 76 121 49 820
57 53 197 18 834
6 28 104 176 1075
127 56 30 6 355
116 67 151 103 1120
92 42 8 88 569
172 62 148 153 1347
77 75 79 188 1224
154 13 153 179 1353
19 179 113 113 1183
181 169 103 45 1020
6 180 115 173 1406
149 42 130 78 947
5 199 110 10 779
119 11 174 29 774
27 2 118 39 556
66 103 51 25 522
27 39 93 26 499
166 122 173 127 1445
70 58 157 40 819
31 7 73 128 774
47 107 26 56 569
75 37 184 107 1138
97 18 184 119 1163
2 22 11 71 370
151 145 109 110 1209
134 92 107 169 1316
171 117 24 100 880
200 51 53 33 606
49 61 59 187 1091
10 97 3 169 889
8 180 176 121 1384
150 165 106 138 1350
48 168 46 81 858
104 184 141 86 1243
2 162 69 186 1287
152 89 196 74 1205
124 94 58 178 1199
15 195 8 188 1181
135 131 31 126 1003
64 7 89 66 598
123 165 97 128 1254
159 82 154 137 1334
135 157 131 176 1550
132 143 19 189 1244
178 21 191 128 1305
29 88 156 172 1358
122 3 30 130 743
89 97 74 28 624
172 151 25 191 1321
37 78 54 55 564
61 156 128 23 853
96 40 132 185 1314
174 27 182 53 995
36 61 153 133 1152
187 17 194 12 863
104 93 86 36 704
127 40 103 121 1015
146 0 35 139 815
109 56 136 92 998
0 62 82 65 641
65 132 120 47 887
77 187 63 21 723
108 185 39 13 658
90 73 57 127 915
120 194 38 76 926
186 87 131 3 777
185 181 54 11 753
78 180 1 165 1109
112 93 71 183 1252
179 3 149 74 933
131 3 31 166 896
93 29 55 88 658
105 175 48 175 1303
179 52 73 124 991
193 142 82 108 1160
33 34 58 180 988
162 195 132 80 1270
75 49 172 57 918
154 166 45 52 836
82 132 23 175 1133
171 49 32 49 560
195 123 108 188 1514
57 71 88 47 652
111 1 52 200 1074
19 74 78 92 777
121 48 76 149 1050
95 179 80 29 807
170 113 123 39 932
127 4 41 39 421
25 12 98 195 1131
197 41 113 170 1297
152 20 109 33 664
48 9 112 65 662
8 103 44 161 1002
0 58 18 122 677
113 52 61 81 724
166 67 51 120 937
157 133 153 162 1536
143 9 77 10 429
112 28 161 2 665
47 81 194 38 955
106 96 124 139 1226
176 31 61 80 752
104 45 154 35 792
93 44 49 79 642
92 53 47 165 993
65 109 137 53 899
72 78 137 92 1005
67 144 44 133 1035
110 173 129 163 1501
163 145 151 30 1028
114 80 157 192 1526
118 156 52 33 710
127 121 182 169 1601
86 40 51 81 648
118 33 63 96 766
125 58 96 102 945
130 66 49 63 663
82 135 123 36 863
119 56 126 77 925
137 185 156 180 1702
200 4 104 178 1242
23 1 197 114 1087
164 105 122 139 1298
117 176 37 161 1237
171 48 23 108 774
194 180 179 182 1824
41 113 68 18 545
3 85 68 35 528
148 79 61 60 734
178 54 141 166 1389
122 45 58 80 713
55 60 63 38 522
22 139 81 82 875
192 181 34 173 1354
52 97 123 121 1104
45 107 0 171 957
159 121 100 73 1008
95 190 189 108 1476
108 123 162 89 1201
77 100 73 133 1035
42 155 175 132 1410
135 191 81 102 1179
157 173 102 14 867
107 84 145 13 775
3 124 176 92 1152
48 41 126 26 625
17 46 50 114 713
108 25 66 65 621
15 53 183 65 923
18 151 1 37 475
150 76 151 129 1283
26 126 168 28 890
180 70 31 131 941
188 39 64 61 716
31 143 102 29 749
18 119 140 117 1154
3 54 145 58 791
157 195 25 80 948
121 104 2 105 756
79 184 149 124 1401
100 111 165 64 1081
10 160 56 143 1072
46 109 51 53 631
98 104 160 121 1286
32 46 13 22 253
161 168 133 17 969
106 30 95 105 873
88 177 74 59 911
72 106 173 45 988
99 12 179 18 748
88 118 167 188 1579
109 148 127 143 1374
77 197 115 57 1046
5 196 123 99 1171
146 60 141 85 1032
33 172 167 196 1670
147 149 113 64 1041
192 42 76 15 567
89 97 186 168 1525
87 50 80 66 702
161 136 94 80 1054
43 129 162 136 1347
196 50 108 122 1109
168 167 9 76 831
57 170 8 72 717
111 107 146 176 1475
38 150 136 148 1347
54 114 148 15 791
