5158 10325
3883 7770
8682 17368
119 243
1481 2964
4243 8490
1147 2299
7647 15298
5897 11799
2449 4901
1448 2901
4297 8601
2919 5841
7073 14150
8564 17132
9674 19353
1030 2061
2020 4045
1070 2142
2687 5376
4175 8354
3829 7664
9908 19820
4902 9814
4926 9861
9146 18292
9025 18053
1994 3996
9272 18548
9678 19365
434 874
6281 12570
6602 13209
6065 12130
8372 16754
2647 5304
3677 7358
1483 2973
6640 13286
3016 6035
5598 11205
2558 5117
808 1616
4475 8959
185 378
3521 7051
8649 17303
5504 11008
6660 13327
7697 15398
1880 3767
9459 18927
9059 18118
6366 12738
6030 12062
5099 10208
7445 14900
8966 17932
9463 18931
1382 2768
6218 12441
7984 15970
9228 18456
6652 13306
9179 18364
2474 4955
2417 4841
1845 3695
6496 12993
8841 17691
1097 2200
6714 13434
7036 14072
6726 13462
4660 9328
4951 9910
6064 12129
4590 9183
4413 8833
181 372
2050 4102
5507 11015
2698 5400
3809 7628
2772 5546
2118 4246
3257 6523
6865 13732
2970 5941
9725 19460
9028 18056
6274 12548
8722 17445
7766 15536
9446 18897
433 868
3806 7613
6296 12600
814 1630
9300 18609
3425 6858
297 604
5548 11104
2130 4268
9539 19078
2037 4083
9209 18424
1958 3916
6402 12807
4053 8115
1706 3413
3462 6934
5614 11233
8655 17319
7986 15982
8132 16265
7611 15227
3967 7937
7837 15680
4435 8876
4306 8617
9116 18237
7212 14424
5346 10695
5708 11426
3344 6691
7241 14488
4167 8336
9714 19438
8454 16917
6001 12002
5755 11511
1173 2352
6154 12308
4852 9710
9903 19807
1844 3695
9532 19071
4973 9947
9645 19296
4853 9709
3332 6671
8197 16395
3356 6722
9559 19120
2175 4356
5750 11506
8518 17046
5086 10175
8631 17268
9103 18213
5704 11413
1804 3614
1016 2036
9552 19106
7251 14509
9784 19575
6579 13164
290 584
8807 17618
7937 15875
5816 11636
9100 18204
9505 19015
5640 11289
2748 5505
4586 9182
8632 17266
1582 3173
9965 19932
8440 16889
4385 8771
1426 2859
4321 8649
1340 2680
7787 15583
6855 13715
1254 2513
8998 17999
7510 15021
3345 6698
9489 18980
5015 10030
1515 3030
4199 8404
8635 17272
643 1288
103 211
6139 12278
2456 4912
1271 2545
8182 16364
4490 8990
2550 5101
2514 5036
5905 11810
5749 11504
6598 13201
996 1993
8893 17792
8089 16179
9465 18935
4532 9071
7930 15865
365 739
9086 18175
286 581
7098 14200
5806 11614
1788 3580
5306 10613
8560 17124
6313 12634
446 899
4045 8096
4744 9491
5899 11801
688 1383
7439 14886
6567 13135
7434 14872
2251 4508
4984 9972
9147 18298
4071 8150
4421 8843
6062 12130
1560 3129
3051 6103
905 1818
421 852
3262 6533
7906 15818
3842 7692
9726 19454
9625 19255
9975 19950
4489 8983
7524 15056
9222 18453
4831 9670
4185 8375
7628 15265
9415 18836
9091 18183
1641 3289
6608 13222
8024 16049
685 1375
2300 4604
6974 13958
6207 12424
7650 15302
4298 8602
7328 14664
6716 13441
9643 19287
3358 6726
9597 19203
9131 18271
3186 6377
1841 3685
1239 2486
7781 15565
8812 17630
5769 11538
2882 5768
5597 11204
1643 3290
1341 2686
7624 15250
9032 18072
688 1377
1678 3357
2678 5366
1993 3986
7639 15288
5219 10445
7938 15881
3307 6614
9137 18274
8798 17598
1838 3684
5853 11713
6601 13209
6889 13786
9656 19317
4853 9710
7319 14647
5594 11198
2299 4601
5302 10609
27 56
4533 9067
9669 19338
8244 16489
2214 4429
3470 6946
4875 9750
757 1522
5039 10082
3975 7956
4022 8048
2748 5498
4674 9349
2813 5635
355 718
3442 6886
4368 8736
822 1647
1689 3387
3885 7773
5318 10644
8041 16085
5373 10752
8081 16166
1093 2188
1463 2934
5764 11537
5702 11412
1867 3735
5755 11514
6488 12980
8005 16018
5495 10993
886 1777
7771 15548
6940 13887
2794 5592
6048 12098
2622 5252
3098 6206
4235 8478
3302 6610
6270 12540
8818 17638
5098 10202
2630 5261
1036 2081
7903 15811
7381 14768
5166 10338
1464 2937
7679 15359
7452 14909
6206 12418
1589 3178
8415 16833
3822 7651
7108 14218
6195 12391
5058 10122
3977 7957
595 1194
7853 15713
562 1125
292 584
7970 15942
695 1391
2330 4669
3198 6396
8353 16712
7284 14575
251 507
2622 5251
9055 18110
8266 16538
7450 14903
895 1797
8301 16610
3520 7040
5913 11827
9416 18833
4050 8108
220 446
5724 11455
221 444
7926 15853
94 197
5903 11808
6290 12582
9468 18943
9948 19906
4373 8748
8476 16960
2887 5778
6486 12972
9850 19701
227 459
4684 9368
2229 4462
3104 6215
4943 9892
8732 17465
711 1427
8543 17087
2926 5853
4432 8866
320 648
2195 4400
7136 14272
130 262
3137 6274
9513 19029
4762 9524
4606 9216
199 401
2939 5883
7334 14669
7209 14423
813 1633
901 1802
5605 11212
5499 11002
4784 9574
8976 17958
8933 17870
2308 4624
4960 9920
1498 3005
5927 11857
7155 14314
9373 18751
8008 16016
4176 8355
5935 11870
7052 14109
7403 14810
4186 8377
5149 10299
1455 2915
2840 5682
5038 10076
6684 13368
8656 17314
6265 12536
7981 15965
8218 16440
7852 15704
2712 5425
519 1043
7575 15151
6462 12934
9530 19065
6820 13648
9149 18298
4166 8334
7714 15431
7456 14914
9620 19248
6313 12628
3608 7220
6129 12258
3249 6498
1873 3755
8068 16136
8283 16566
6290 12584
5060 10121
3863 7729
6169 12348
7422 14849
9656 19314
8797 17595
8786 17578
6455 12911
4947 9900
4575 9160
348 705
264 531
1942 3892
2708 5425
7867 15740
730 1460
6347 12695
1071 2152
6727 13458
2303 4613
310 624
3166 6342
3065 6133
8231 16465
30 66
2665 5340
1506 3018
1941 3886
8224 16449
4024 8054
6562 13129
6271 12544
7575 15158
1597 3202
8492 16985
3562 7125
5821 11652
5479 10964
4780 9566
6068 12137
2916 5838
6687 13382
242 485
8922 17844
2518 5038
4723 9449
413 834
2708 5417
404 811
8654 17313
1599 3200
7920 15850
2249 4498
7787 15582
4722 9448
6448 12906
471 951
8504 17015
9819 19639
4581 9172
218 439
5630 11262
4485 8979
8094 16193
2954 5910
8384 16768
1482 2973
3769 7542
7391 14787
7552 15106
9327 18664
6027 12062
7923 15855
2926 5860
3402 6814
3698 7400
3013 6031
4694 9390
1464 2933
6976 13961
6317 12636
271 550
2055 4110
6587 13183
4043 8087
8740 17489
6058 12122
2996 5995
4388 8785
7463 14931
9668 19337
896 1800
6632 13272
9259 18528
2405 4817
5679 11360
7445 14890
4950 9905
2358 4716
1076 2161
7123 14246
1337 2674
3031 6063
1958 3922
5277 10554
2530 5070
3616 7235
8858 17722
2028 4060
7899 15800
8191 16389
943 1893
8515 17030
1612 3224
3453 6907
1861 3729
8268 16538
263 527
3793 7588
7848 15697
6813 13628
4695 9398
7063 14126
9598 19201
2771 5549
6990 13985
3914 7834
168 336
3390 6786
4264 8534
7084 14170
2907 5816
1901 3807
9929 19859
4852 9713
3242 6486
8497 16998
7429 14860
6350 12700
213 436
4864 9736
2998 6004
260 527
6668 13340
8655 17311
6151 12307
9539 19080
2738 5484
1550 3104
6352 12709
4996 9998
8136 16282
6939 13884
3079 6161
3336 6674
5434 10871
5401 10808
9708 19421
9022 18046
2559 5128
7003 14007
2219 4443
8295 16600
1567 3141
7287 14582
3086 6173
499 1005
2529 5066
5537 11082
3020 6044
1765 3531
1823 3648
7922 15854
201 412
7003 14012
8942 17894
5116 10234
3168 6338
4087 8180
1222 2447
2646 5296
5022 10047
1871 3746
741 1485
8695 17394
8878 17760
9692 19392
8979 17958
517 1035
2811 5627
7408 14819
5541 11091
2344 4697
9177 18362
1413 2828
3205 6417
1594 3192
6354 12718
4783 9574
5677 11363
7611 15229
6261 12532
2294 4594
7363 14727
6970 13948
367 739
2431 4863
6120 12241
7363 14726
1853 3706
4477 8964
8389 16782
2432 4869
3201 6405
3981 7967
788 1585
8949 17905
5418 10842
5859 11720
9235 18473
7342 14691
6702 13409
6235 12474
7748 15497
1621 3247
4511 9027
6653 13312
3629 7265
2003 4007
278 559
5581 11171
1991 3990
5225 10457
4548 9101
813 1632
4495 8991
4019 8045
2964 5934
5587 11180
9085 18171
3751 7502
9868 19744
9642 19292
9683 19373
9775 19554
5262 10531
3627 7264
1207 2421
4487 8979
9191 18382
7740 15480
2708 5421
1970 3949
7930 15867
762 1527
3451 6910
4905 9817
1029 2065
6040 12084
2698 5402
4751 9511
3093 6192
6856 13720
5140 10284
9092 18189
2089 4179
2985 5972
3256 6515
4066 8136
2319 4640
5005 10016
1131 2265
4899 9806
1570 3140
7769 15545
2077 4162
6256 12512
7872 15749
567 1141
7585 15180
7241 14490
8639 17286
1245 2495
1372 2745
5422 10849
5164 10329
58 121
8170 16340
1645 3296
7702 15408
1349 2702
7034 14070
8995 18000
8847 17703
521 1049
5135 10272
3310 6621
7776 15554
5625 11257
9064 18138
8101 16202
9684 19371
9980 19964
6109 12225
6209 12425
5002 10005
2811 5628
2884 5768
1025 2051
6792 13594
1247 2498
7439 14880
9781 19562
3274 6551
2733 5467
5828 11665
2600 5206
2759 5521
5058 10120
8297 16604
4786 9581
7193 14391
6890 13783
512 1031
8599 17202
5801 11610
8415 16831
1203 2409
669 1342
7652 15313
9089 18182
4863 9736
3735 7473
2947 5902
8416 16838
9754 19512
6859 13727
1351 2705
683 1376
260 530
5513 11029
8536 17076
1414 2833
1618 3246
6728 13461
4151 8308
8130 16261
3354 6709
1913 3832
8543 17090
6024 12054
3532 7070
9852 19706
6634 13278
1004 2012
1393 2794
7980 15969
7328 14660
7686 15378
5414 10830
4811 9629
8928 17863
5282 10566
8095 16198
6674 13356
3006 6015
1990 3983
5686 11375
8179 16367
2330 4667
6083 12166
5723 11456
2491 4991
4714 9433
9318 18646
825 1650
3235 6479
5219 10445
5148 10300
9417 18834
9048 18102
5541 11084
5642 11291
147 303
3931 7868
1431 2864
729 1462
6626 13260
5616 11239
9695 19400
546 1102
6765 13540
8999 18000
5306 10617
3836 7676
5006 10016
6256 12514
5658 11317
6842 13685
6607 13216
6198 12397
5928 11862
1708 3423
8752 17508
1253 2513
4365 8739
6359 12720
7026 14053
274 552
2489 4988
4527 9062
9993 19991
475 952
81 166
4059 8123
5116 10240
8288 16586
5096 10192
1586 3174
5874 11758
6415 12837
2483 4975
6824 13649
7726 15452
7457 14916
5486 10973
7964 15933
9794 19591
4721 9452
5547 11104
655 1317
2939 5885
9483 18968
2481 4963
1752 3507
8914 17831
2708 5416
2760 5530
3448 6906
2043 4089
9457 18923
5800 11601
2250 4509
9205 18412
9293 18596
9928 19859
8068 16139
7158 14326
7025 14054
3023 6047
9453 18913
8426 16856
510 1020
2542 5087
5930 11860
6635 13277
7924 15853
5626 11258
465 933
6999 14000
463 927
9735 19480
4703 9410
3365 6732
6478 12963
7083 14170
428 861
3184 6371
1114 2235
9195 18400
7162 14327
504 1010
4037 8074
4301 8611
5457 10920
8259 16522
1341 2692
1849 3699
6848 13701
5277 10560
503 1010
4560 9129
7347 14703
9169 18345
5020 10048
9928 19861
6995 13994
9465 18932
2722 5450
3384 6771
7843 15689
9146 18298
3003 6011
1244 2489
2229 4466
1946 3901
7802 15609
6836 13672
8735 17470
7505 15015
9825 19652
9653 19306
8998 18005
6918 13842
6787 13579
2155 4320
7316 14635
2741 5482
7676 15354
8876 17762
207 415
956 1913
5341 10691
2048 4103
8082 16168
398 803
7371 14745
7299 14600
4053 8113
7756 15520
761 1530
7577 15161
8614 17233
815 1639
8182 16368
1546 3101
1002 2014
133 266
1553 3113
1117 2238
7701 15406
5625 11255
2909 5819
5549 11098
2232 4466
6228 12461
8299 16599
6611 13225
7236 14475
1566 3139
9082 18168
8460 16920
